name: deepgs
channels:
- conda-forge
- defaults
dependencies:
- absl-py=0.1.10=py_0
- backports=1.0=py36_1
- backports.weakref=1.0rc1=py36_1
- bleach=1.5.0=py36_0
- bokeh=0.12.15=py36_0
- ca-certificates=2018.4.16=0
- cffi=1.11.5=py36_0
- cftime=1.0.0b1=py36_0
- click=6.7=py_1
- cloudpickle=0.5.2=py_0
- curl=7.59.0=vc14_1
- cytoolz=0.9.0.1=py36_0
- dask=0.17.4=py_0
- dask-core=0.17.4=py_0
- distributed=1.21.8=py36_0
- h5py=2.7.1=py36_3
- hdf4=4.2.13=vc14_0
- hdf5=1.10.1=vc14_2
- heapdict=1.0.0=py36_0
- html5lib=0.9999999=py36_0
- jinja2=2.10=py36_0
- jpeg=9b=vc14_2
- keras=2.1.5=py36_0
- krb5=1.14.6=vc14_0
- libgpuarray=0.7.5=vc14_0
- libnetcdf=4.6.1=vc14_2
- libprotobuf=3.5.2=vc14_0
- libssh2=1.8.0=vc14_2
- locket=0.2.0=py36_1
- mako=1.0.7=py36_0
- markdown=2.6.11=py_0
- markupsafe=1.0=py36_0
- msgpack-python=0.5.6=py36he980bc4_2
- netcdf4=1.4.0=py36_0
- openssl=1.0.2o=vc14_0
- packaging=17.1=py_0
- pandas=0.22.0=py36_1
- pandas-plink=1.2.25=py36_0
- partd=0.3.8=py36_0
- protobuf=3.5.2=py36_vc14_0
- psutil=5.4.5=py36_0
- pycparser=2.18=py36_0
- pygpu=0.7.5=py36_0
- pyparsing=2.2.0=py36_0
- python-dateutil=2.7.2=py_0
- pytz=2018.4=py_0
- pyyaml=3.12=py36_1
- six=1.11.0=py36_1
- sortedcontainers=1.5.10=py36_0
- tblib=1.3.2=py36_0
- tensorboard=1.5.1=py36_1
- tensorflow=1.5.1=py36_0
- theano=1.0.1=py36_1
- toolz=0.9.0=py_0
- tornado=5.0.2=py36_0
- tqdm=4.23.3=py_0
- webencodings=0.5.1=py36_0
- werkzeug=0.14.1=py_0
- yaml=0.1.7=vc14_0
- zict=0.1.3=py_0
- zlib=1.2.11=vc14_0
- bottleneck=1.2.1=np113py36_0
- certifi=2016.2.28=py36_0
- mkl=2017.0.3=0
- numpy=1.13.1=py36_0
- pip=9.0.1=py36_1
- pyreadline=2.1=py36_0
- python=3.6.2=0
- scipy=0.19.1=np113py36_0
- setuptools=36.4.0=py36_1
- vc=14=0
- vs2015_runtime=14.0.25420=0
- wheel=0.29.0=py36_0
- wincertstore=0.2=py36_0
- xarray=0.9.6=py36_0
- pip:
  - msgpack==0.5.6
  - tensorflow-tensorboard==1.5.1
prefix: C:\Program Files\Anaconda3\envs\deepgs

