name: deepgs_conda
channels:
- anaconda
- conda-forge
- defaults
dependencies:
- absl-py=0.2.0=py36_0
- astor=0.6.2=py36_0
- bleach=1.5.0=py36_0
- gast=0.2.0=py36_0
- grpcio=1.11.0=py36he025d50_0
- h5py=2.7.1=py36he54a1c3_0
- hdf5=1.10.1=vc14hbc849ce_0
- html5lib=0.9999999=py36_0
- icc_rt=2017.0.4=h97af966_0
- intel-openmp=2018.0.0=hd92c6cd_8
- keras=2.1.5=py36_0
- markdown=2.6.11=py36_0
- mkl=2018.0.2=1
- mkl_fft=1.0.1=py36h452e1ab_0
- mkl_random=1.0.1=py36h9258bd6_0
- numpy=1.14.2=py36h5c71026_1
- scipy=1.1.0=py36h672f292_0
- six=1.11.0=py36h4db2310_1
- tensorboard=1.7.0=py36he025d50_1
- tensorflow=1.7.1=0
- tensorflow-base=1.7.1=py36h1a1b453_0
- termcolor=1.1.0=py36_1
- werkzeug=0.14.1=py36_0
- zlib=1.2.11=vc14h1cdd9ab_1
- bokeh=0.12.15=py36_0
- cffi=1.11.5=py36_0
- click=6.7=py_1
- cloudpickle=0.5.2=py_0
- cytoolz=0.9.0.1=py36_0
- dask=0.17.4=py_0
- dask-core=0.17.4=py_0
- distributed=1.21.8=py36_0
- heapdict=1.0.0=py36_0
- jinja2=2.10=py36_0
- libprotobuf=3.5.2=vc14_0
- locket=0.2.0=py36_1
- markupsafe=1.0=py36_0
- msgpack-python=0.5.6=py36he980bc4_2
- packaging=17.1=py_0
- pandas=0.22.0=py36_1
- pandas-plink=1.2.25=py36_0
- partd=0.3.8=py36_0
- protobuf=3.5.2=py36_vc14_0
- psutil=5.4.5=py36_0
- pycparser=2.18=py36_0
- pyparsing=2.2.0=py36_0
- python-dateutil=2.7.2=py_0
- pytz=2018.4=py_0
- pyyaml=3.12=py36_1
- sortedcontainers=1.5.10=py36_0
- tblib=1.3.2=py36_0
- toolz=0.9.0=py_0
- tornado=5.0.2=py36_0
- tqdm=4.23.3=py_0
- yaml=0.1.7=vc14_0
- zict=0.1.3=py_0
- certifi=2016.2.28=py36_0
- pip=9.0.1=py36_1
- python=3.6.2=0
- setuptools=36.4.0=py36_1
- vc=14=0
- vs2015_runtime=14.0.25420=0
- wheel=0.29.0=py36_0
- wincertstore=0.2=py36_0
- xarray=0.9.6=py36_0
- pip:
  - mkl-fft==1.0.0
  - mkl-random==1.0.1
  - msgpack==0.5.6
prefix: C:\Program Files\Anaconda3\envs\deepgs_conda

